element 3573	   569	   797	   796	   570	-4.1148	-0.9144	2.286	0	1	0	
element 3574	   797	   955	   954	   796	-3.81	-0.9144	2.286	0	1	0	
element 3575	  1264	  1176	  1175	  1265	-2.8956	-0.9144	2.286	0	1	-0	
element 3576	  1176	  1083	  1082	  1175	-3.2004	-0.9144	2.286	0	1	-0	
element 3577	  1083	   954	   955	  1082	-3.5052	-0.9144	2.286	0	1	-0	
element 3578	  1573	  1485	  1484	  1572	-1.9812	-0.9144	2.286	0	1	-0	
element 3579	  1485	  1392	  1391	  1484	-2.286	-0.9144	2.286	0	1	-0	
element 3580	  1392	  1264	  1265	  1391	-2.5908	-0.9144	2.286	0	1	-0	
element 3581	  1963	  1858	  1857	  1964	-1.0668	-0.9144	2.286	0	1	-0	
element 3582	  1858	  1753	  1735	  1857	-1.3716	-0.9144	2.286	0	1	0	
element 3583	  1753	  1573	  1572	  1735	-1.6764	-0.9144	2.286	0	1	-0	
element 3584	  2358	  2263	  2245	  2357	-0.1524	-0.9144	2.286	0	1	0	
element 3585	  2263	  2148	  2130	  2245	-0.4572	-0.9144	2.286	0	1	0	
element 3586	  2148	  1963	  1964	  2130	-0.762	-0.9144	2.286	0	1	-0	
element 3587	   570	   796	   805	   585	-4.1148	-0.9144	1.9812	0	1	0	
element 3588	   796	   954	   963	   805	-3.81	-0.9144	1.9812	0	1	0	
element 3589	  1273	  1177	  1176	  1264	-2.8956	-0.9144	1.9812	0	1	-0	
element 3590	  1177	  1084	  1083	  1176	-3.2004	-0.9144	1.9812	0	1	-0	
element 3591	  1084	   963	   954	  1083	-3.5052	-0.9144	1.9812	0	1	-0	
element 3592	  1580	  1486	  1485	  1573	-1.9812	-0.9144	1.9812	0	1	-0	
element 3593	  1486	  1393	  1392	  1485	-2.286	-0.9144	1.9812	0	1	-0	
element 3594	  1393	  1273	  1264	  1392	-2.5908	-0.9144	1.9812	0	1	-0	
element 3595	  1974	  1859	  1858	  1963	-1.0668	-0.9144	1.9812	0	1	-0	
element 3596	  1859	  1754	  1753	  1858	-1.3716	-0.9144	1.9812	0	1	-0	
element 3597	  1754	  1580	  1573	  1753	-1.6764	-0.9144	1.9812	0	1	-0	
element 3598	  2366	  2264	  2263	  2358	-0.1524	-0.9144	1.9812	0	1	-0	
element 3599	  2264	  2149	  2148	  2263	-0.4572	-0.9144	1.9812	0	1	-0	
element 3600	  2149	  1974	  1963	  2148	-0.762	-0.9144	1.9812	0	1	-0	
element 3601	   585	   805	   843	   623	-4.1148	-0.9144	1.6764	0	1	0	
element 3602	   623	   843	   844	   622	-4.1148	-0.9144	1.3716	0	1	0	
element 3603	   622	   844	   804	   584	-4.1148	-0.9144	1.0668	0	1	0	
element 3604	   805	   963	   990	   843	-3.81	-0.9144	1.6764	0	1	0	
element 3605	   843	   990	   991	   844	-3.81	-0.9144	1.3716	0	1	0	
element 3606	   844	   991	   962	   804	-3.81	-0.9144	1.0668	0	1	0	
element 3607	  1297	  1208	  1177	  1273	-2.8956	-0.9144	1.6764	0	1	-0	
element 3608	  1208	  1115	  1084	  1177	-3.2004	-0.9144	1.6764	0	1	-0	
element 3609	  1115	   990	   963	  1084	-3.5052	-0.9144	1.6764	0	1	-0	
element 3610	  1298	  1209	  1208	  1297	-2.8956	-0.9144	1.3716	0	1	-0	
element 3611	  1209	  1116	  1115	  1208	-3.2004	-0.9144	1.3716	0	1	-0	
element 3612	  1116	   991	   990	  1115	-3.5052	-0.9144	1.3716	0	1	-0	
element 3613	  1271	  1178	  1209	  1298	-2.8956	-0.9144	1.0668	0	1	-0	
element 3614	  1178	  1085	  1116	  1209	-3.2004	-0.9144	1.0668	0	1	-0	
element 3615	  1085	   962	   991	  1116	-3.5052	-0.9144	1.0668	0	1	-0	
element 3616	  1609	  1517	  1486	  1580	-1.9812	-0.9144	1.6764	0	1	-0	
element 3617	  1517	  1424	  1393	  1486	-2.286	-0.9144	1.6764	0	1	-0	
element 3618	  1424	  1297	  1273	  1393	-2.5908	-0.9144	1.6764	0	1	-0	
element 3619	  1610	  1518	  1517	  1609	-1.9812	-0.9144	1.3716	0	1	-0	
element 3620	  1518	  1425	  1424	  1517	-2.286	-0.9144	1.3716	0	1	-0	
element 3621	  1425	  1298	  1297	  1424	-2.5908	-0.9144	1.3716	0	1	-0	
element 3622	  1579	  1487	  1518	  1610	-1.9812	-0.9144	1.0668	0	1	-0	
element 3623	  1487	  1394	  1425	  1518	-2.286	-0.9144	1.0668	0	1	-0	
element 3624	  1394	  1271	  1298	  1425	-2.5908	-0.9144	1.0668	0	1	-0	
element 3625	  2005	  1896	  1859	  1974	-1.0668	-0.9144	1.6764	0	1	-0	
element 3626	  1896	  1781	  1754	  1859	-1.3716	-0.9144	1.6764	0	1	-0	
element 3627	  1781	  1609	  1580	  1754	-1.6764	-0.9144	1.6764	0	1	-0	
element 3628	  2006	  1897	  1896	  2005	-1.0668	-0.9144	1.3716	0	1	-0	
element 3629	  1897	  1782	  1781	  1896	-1.3716	-0.9144	1.3716	0	1	-0	
element 3630	  1782	  1610	  1609	  1781	-1.6764	-0.9144	1.3716	0	1	-0	
element 3631	  1972	  1860	  1897	  2006	-1.0668	-0.9144	1.0668	0	1	-0	
element 3632	  1860	  1755	  1782	  1897	-1.3716	-0.9144	1.0668	0	1	-0	
element 3633	  1755	  1579	  1610	  1782	-1.6764	-0.9144	1.0668	0	1	-0	
element 3634	  2400	  2291	  2264	  2366	-0.1524	-0.9144	1.6764	0	1	-0	
element 3635	  2291	  2176	  2149	  2264	-0.4572	-0.9144	1.6764	0	1	-0	
element 3636	  2176	  2005	  1974	  2149	-0.762	-0.9144	1.6764	0	1	-0	
element 3637	  2401	  2292	  2291	  2400	-0.1524	-0.9144	1.3716	0	1	-0	
element 3638	  2292	  2177	  2176	  2291	-0.4572	-0.9144	1.3716	0	1	-0	
element 3639	  2177	  2006	  2005	  2176	-0.762	-0.9144	1.3716	0	1	-0	
element 3640	  2365	  2265	  2292	  2401	-0.1524	-0.9144	1.0668	0	1	-0	
element 3641	  2265	  2150	  2177	  2292	-0.4572	-0.9144	1.0668	0	1	-0	
element 3642	  2150	  1972	  2006	  2177	-0.762	-0.9144	1.0668	0	1	-0	
element 3643	   584	   804	   845	   625	-4.1148	-0.9144	0.762	0	1	0	
element 3644	   625	   845	   846	   624	-4.1148	-0.9144	0.4572	0	1	0	
element 3645	   624	   846	   799	   579	-4.1148	-0.9144	0.1524	0	1	0	
element 3646	   804	   962	   992	   845	-3.81	-0.9144	0.762	0	1	0	
element 3647	   845	   992	   993	   846	-3.81	-0.9144	0.4572	0	1	0	
element 3648	   846	   993	   957	   799	-3.81	-0.9144	0.1524	0	1	0	
element 3649	  1299	  1210	  1178	  1271	-2.8956	-0.9144	0.762	0	1	-0	
element 3650	  1210	  1117	  1085	  1178	-3.2004	-0.9144	0.762	0	1	-0	
element 3651	  1117	   992	   962	  1085	-3.5052	-0.9144	0.762	0	1	-0	
element 3652	  1300	  1211	  1210	  1299	-2.8956	-0.9144	0.4572	0	1	-0	
element 3653	  1211	  1118	  1117	  1210	-3.2004	-0.9144	0.4572	0	1	-0	
element 3654	  1118	   993	   992	  1117	-3.5052	-0.9144	0.4572	0	1	-0	
element 3655	  1267	  1179	  1211	  1300	-2.8956	-0.9144	0.1524	0	1	-0	
element 3656	  1179	  1086	  1118	  1211	-3.2004	-0.9144	0.1524	0	1	-0	
element 3657	  1086	   957	   993	  1118	-3.5052	-0.9144	0.1524	0	1	-0	
element 3658	  1611	  1519	  1487	  1579	-1.9812	-0.9144	0.762	0	1	-0	
element 3659	  1519	  1426	  1394	  1487	-2.286	-0.9144	0.762	0	1	-0	
element 3660	  1426	  1299	  1271	  1394	-2.5908	-0.9144	0.762	0	1	-0	
element 3661	  1612	  1520	  1519	  1611	-1.9812	-0.9144	0.4572	0	1	-0	
element 3662	  1520	  1427	  1426	  1519	-2.286	-0.9144	0.4572	0	1	-0	
element 3663	  1427	  1300	  1299	  1426	-2.5908	-0.9144	0.4572	0	1	-0	
element 3664	  1575	  1488	  1520	  1612	-1.9812	-0.9144	0.1524	0	1	-0	
element 3665	  1488	  1395	  1427	  1520	-2.286	-0.9144	0.1524	0	1	-0	
element 3666	  1395	  1267	  1300	  1427	-2.5908	-0.9144	0.1524	0	1	-0	
element 3667	  2007	  1898	  1860	  1972	-1.0668	-0.9144	0.762	0	1	-0	
element 3668	  1898	  1783	  1755	  1860	-1.3716	-0.9144	0.762	0	1	-0	
element 3669	  1783	  1611	  1579	  1755	-1.6764	-0.9144	0.762	0	1	-0	
element 3670	  2008	  1899	  1898	  2007	-1.0668	-0.9144	0.4572	0	1	-0	
element 3671	  1899	  1784	  1783	  1898	-1.3716	-0.9144	0.4572	0	1	-0	
element 3672	  1784	  1612	  1611	  1783	-1.6764	-0.9144	0.4572	0	1	-0	
element 3673	  1968	  1861	  1899	  2008	-1.0668	-0.9144	0.1524	0	1	-0	
element 3674	  1861	  1756	  1784	  1899	-1.3716	-0.9144	0.1524	0	1	-0	
element 3675	  1756	  1575	  1612	  1784	-1.6764	-0.9144	0.1524	0	1	-0	
element 3676	  2402	  2293	  2265	  2365	-0.1524	-0.9144	0.762	0	1	-0	
element 3677	  2293	  2178	  2150	  2265	-0.4572	-0.9144	0.762	0	1	-0	
element 3678	  2178	  2007	  1972	  2150	-0.762	-0.9144	0.762	0	1	-0	
element 3679	  2403	  2294	  2293	  2402	-0.1524	-0.9144	0.4572	0	1	-0	
element 3680	  2294	  2179	  2178	  2293	-0.4572	-0.9144	0.4572	0	1	-0	
element 3681	  2179	  2008	  2007	  2178	-0.762	-0.9144	0.4572	0	1	-0	
element 3682	  2361	  2266	  2294	  2403	-0.1524	-0.9144	0.1524	0	1	-0	
element 3683	  2266	  2151	  2179	  2294	-0.4572	-0.9144	0.1524	0	1	-0	
element 3684	  2151	  1968	  2008	  2179	-0.762	-0.9144	0.1524	0	1	-0	
element 3685	   579	   799	   847	   627	-4.1148	-0.9144	-0.1524	0	1	0	
element 3686	   627	   847	   848	   626	-4.1148	-0.9144	-0.4572	0	1	0	
element 3687	   626	   848	   806	   586	-4.1148	-0.9144	-0.762	0	1	0	
element 3688	   799	   957	   994	   847	-3.81	-0.9144	-0.1524	0	1	0	
element 3689	   847	   994	   995	   848	-3.81	-0.9144	-0.4572	0	1	0	
element 3690	   848	   995	   964	   806	-3.81	-0.9144	-0.762	0	1	0	
element 3691	  1301	  1212	  1179	  1267	-2.8956	-0.9144	-0.1524	0	1	-0	
element 3692	  1212	  1119	  1086	  1179	-3.2004	-0.9144	-0.1524	0	1	-0	
element 3693	  1119	   994	   957	  1086	-3.5052	-0.9144	-0.1524	0	1	-0	
element 3694	  1302	  1213	  1212	  1301	-2.8956	-0.9144	-0.4572	0	1	-0	
element 3695	  1213	  1120	  1119	  1212	-3.2004	-0.9144	-0.4572	0	1	-0	
element 3696	  1120	   995	   994	  1119	-3.5052	-0.9144	-0.4572	0	1	0	
element 3697	  1274	  1180	  1213	  1302	-2.8956	-0.9144	-0.762	0	1	-0	
element 3698	  1180	  1087	  1120	  1213	-3.2004	-0.9144	-0.762	0	1	0	
element 3699	  1087	   964	   995	  1120	-3.5052	-0.9144	-0.762	0	1	0	
element 3700	  1613	  1521	  1488	  1575	-1.9812	-0.9144	-0.1524	0	1	-0	
element 3701	  1521	  1428	  1395	  1488	-2.286	-0.9144	-0.1524	0	1	-0	
element 3702	  1428	  1301	  1267	  1395	-2.5908	-0.9144	-0.1524	0	1	-0	
element 3703	  1614	  1522	  1521	  1613	-1.9812	-0.9144	-0.4572	0	1	-0	
element 3704	  1522	  1429	  1428	  1521	-2.286	-0.9144	-0.4572	0	1	-0	
element 3705	  1429	  1302	  1301	  1428	-2.5908	-0.9144	-0.4572	0	1	-0	
element 3706	  1581	  1489	  1522	  1614	-1.9812	-0.9144	-0.762	0	1	-0	
element 3707	  1489	  1396	  1429	  1522	-2.286	-0.9144	-0.762	0	1	-0	
element 3708	  1396	  1274	  1302	  1429	-2.5908	-0.9144	-0.762	0	1	-0	
element 3709	  2009	  1900	  1861	  1968	-1.0668	-0.9144	-0.1524	0	1	-0	
element 3710	  1900	  1785	  1756	  1861	-1.3716	-0.9144	-0.1524	0	1	-0	
element 3711	  1785	  1613	  1575	  1756	-1.6764	-0.9144	-0.1524	0	1	-0	
element 3712	  2010	  1901	  1900	  2009	-1.0668	-0.9144	-0.4572	0	1	-0	
element 3713	  1901	  1786	  1785	  1900	-1.3716	-0.9144	-0.4572	0	1	-0	
element 3714	  1786	  1614	  1613	  1785	-1.6764	-0.9144	-0.4572	0	1	-0	
element 3715	  1973	  1862	  1901	  2010	-1.0668	-0.9144	-0.762	0	1	-0	
element 3716	  1862	  1757	  1786	  1901	-1.3716	-0.9144	-0.762	0	1	-0	
element 3717	  1757	  1581	  1614	  1786	-1.6764	-0.9144	-0.762	0	1	-0	
element 3718	  2404	  2295	  2266	  2361	-0.1524	-0.9144	-0.1524	0	1	-0	
element 3719	  2295	  2180	  2151	  2266	-0.4572	-0.9144	-0.1524	0	1	-0	
element 3720	  2180	  2009	  1968	  2151	-0.762	-0.9144	-0.1524	0	1	-0	
element 3721	  2405	  2296	  2295	  2404	-0.1524	-0.9144	-0.4572	0	1	-0	
element 3722	  2296	  2181	  2180	  2295	-0.4572	-0.9144	-0.4572	0	1	-0	
element 3723	  2181	  2010	  2009	  2180	-0.762	-0.9144	-0.4572	0	1	-0	
element 3724	  2364	  2267	  2296	  2405	-0.1524	-0.9144	-0.762	0	1	-0	
element 3725	  2267	  2152	  2181	  2296	-0.4572	-0.9144	-0.762	0	1	-0	
element 3726	  2152	  1973	  2010	  2181	-0.762	-0.9144	-0.762	0	1	-0	
element 3727	   586	   806	   849	   629	-4.1148	-0.9144	-1.0668	0	1	0	
element 3728	   629	   849	   850	   628	-4.1148	-0.9144	-1.3716	0	1	0	
element 3729	   628	   850	   803	   583	-4.1148	-0.9144	-1.6764	0	1	0	
element 3730	   806	   964	   996	   849	-3.81	-0.9144	-1.0668	0	1	0	
element 3731	   849	   996	   997	   850	-3.81	-0.9144	-1.3716	0	1	0	
element 3732	   850	   997	   960	   803	-3.81	-0.9144	-1.6764	0	1	0	
element 3733	  1303	  1214	  1180	  1274	-2.8956	-0.9144	-1.0668	0	1	-0	
element 3734	  1214	  1121	  1087	  1180	-3.2004	-0.9144	-1.0668	0	1	0	
element 3735	  1121	   996	   964	  1087	-3.5052	-0.9144	-1.0668	0	1	-0	
element 3736	  1304	  1215	  1214	  1303	-2.8956	-0.9144	-1.3716	0	1	-0	
element 3737	  1215	  1122	  1121	  1214	-3.2004	-0.9144	-1.3716	0	1	0	
element 3738	  1122	   997	   996	  1121	-3.5052	-0.9144	-1.3716	0	1	-0	
element 3739	  1270	  1181	  1215	  1304	-2.8956	-0.9144	-1.6764	0	1	-0	
element 3740	  1181	  1088	  1122	  1215	-3.2004	-0.9144	-1.6764	0	1	-0	
element 3741	  1088	   960	   997	  1122	-3.5052	-0.9144	-1.6764	0	1	-0	
element 3742	  1615	  1523	  1489	  1581	-1.9812	-0.9144	-1.0668	0	1	-0	
element 3743	  1523	  1430	  1396	  1489	-2.286	-0.9144	-1.0668	0	1	-0	
element 3744	  1430	  1303	  1274	  1396	-2.5908	-0.9144	-1.0668	0	1	-0	
element 3745	  1616	  1524	  1523	  1615	-1.9812	-0.9144	-1.3716	0	1	-0	
element 3746	  1524	  1431	  1430	  1523	-2.286	-0.9144	-1.3716	0	1	-0	
element 3747	  1431	  1304	  1303	  1430	-2.5908	-0.9144	-1.3716	0	1	-0	
element 3748	  1578	  1490	  1524	  1616	-1.9812	-0.9144	-1.6764	0	1	-0	
element 3749	  1490	  1397	  1431	  1524	-2.286	-0.9144	-1.6764	0	1	-0	
element 3750	  1397	  1270	  1304	  1431	-2.5908	-0.9144	-1.6764	0	1	-0	
element 3751	  2011	  1902	  1862	  1973	-1.0668	-0.9144	-1.0668	0	1	-0	
element 3752	  1902	  1787	  1757	  1862	-1.3716	-0.9144	-1.0668	0	1	-0	
element 3753	  1787	  1615	  1581	  1757	-1.6764	-0.9144	-1.0668	0	1	-0	
element 3754	  2012	  1903	  1902	  2011	-1.0668	-0.9144	-1.3716	0	1	-0	
element 3755	  1903	  1788	  1787	  1902	-1.3716	-0.9144	-1.3716	0	1	-0	
element 3756	  1788	  1616	  1615	  1787	-1.6764	-0.9144	-1.3716	0	1	-0	
element 3757	  1971	  1863	  1903	  2012	-1.0668	-0.9144	-1.6764	0	1	-0	
element 3758	  1863	  1758	  1788	  1903	-1.3716	-0.9144	-1.6764	0	1	-0	
element 3759	  1758	  1578	  1616	  1788	-1.6764	-0.9144	-1.6764	0	1	-0	
element 3760	  2406	  2297	  2267	  2364	-0.1524	-0.9144	-1.0668	0	1	-0	
element 3761	  2297	  2182	  2152	  2267	-0.4572	-0.9144	-1.0668	0	1	-0	
element 3762	  2182	  2011	  1973	  2152	-0.762	-0.9144	-1.0668	0	1	-0	
element 3763	  2407	  2298	  2297	  2406	-0.1524	-0.9144	-1.3716	0	1	-0	
element 3764	  2298	  2183	  2182	  2297	-0.4572	-0.9144	-1.3716	0	1	-0	
element 3765	  2183	  2012	  2011	  2182	-0.762	-0.9144	-1.3716	0	1	-0	
element 3766	  2368	  2268	  2298	  2407	-0.1524	-0.9144	-1.6764	0	1	-0	
element 3767	  2268	  2153	  2183	  2298	-0.4572	-0.9144	-1.6764	0	1	-0	
element 3768	  2153	  1971	  2012	  2183	-0.762	-0.9144	-1.6764	0	1	-0	
element 3769	   583	   803	   802	   581	-4.1148	-0.9144	-1.9812	0	1	0	
element 3770	   803	   960	   959	   802	-3.81	-0.9144	-1.9812	0	1	0	
element 3771	  1269	  1182	  1181	  1270	-2.8956	-0.9144	-1.9812	0	1	-0	
element 3772	  1182	  1089	  1088	  1181	-3.2004	-0.9144	-1.9812	0	1	-0	
element 3773	  1089	   959	   960	  1088	-3.5052	-0.9144	-1.9812	0	1	-0	
element 3774	  1576	  1491	  1490	  1578	-1.9812	-0.9144	-1.9812	0	1	-0	
element 3775	  1491	  1398	  1397	  1490	-2.286	-0.9144	-1.9812	0	1	-0	
element 3776	  1398	  1269	  1270	  1397	-2.5908	-0.9144	-1.9812	0	1	-0	
element 3777	  1969	  1864	  1863	  1971	-1.0668	-0.9144	-1.9812	0	1	-0	
element 3778	  1864	  1759	  1758	  1863	-1.3716	-0.9144	-1.9812	0	1	-0	
element 3779	  1759	  1576	  1578	  1758	-1.6764	-0.9144	-1.9812	0	1	-0	
element 3780	  2362	  2269	  2268	  2368	-0.1524	-0.9144	-1.9812	0	1	-0	
element 3781	  2269	  2154	  2153	  2268	-0.4572	-0.9144	-1.9812	0	1	-0	
element 3782	  2154	  1969	  1971	  2153	-0.762	-0.9144	-1.9812	0	1	-0	
element 3783	   581	   802	   800	   580	-4.1148	-0.9144	-2.286	0	1	0	
element 3784	   802	   959	   958	   800	-3.81	-0.9144	-2.286	0	1	0	
element 3785	  1268	  1183	  1182	  1269	-2.8956	-0.9144	-2.286	0	1	-0	
element 3786	  1183	  1090	  1089	  1182	-3.2004	-0.9144	-2.286	0	1	-0	
element 3787	  1090	   958	   959	  1089	-3.5052	-0.9144	-2.286	0	1	-0	
element 3788	  1577	  1492	  1491	  1576	-1.9812	-0.9144	-2.286	0	1	-0	
element 3789	  1492	  1399	  1398	  1491	-2.286	-0.9144	-2.286	0	1	-0	
element 3790	  1399	  1268	  1269	  1398	-2.5908	-0.9144	-2.286	0	1	-0	
element 3791	  1970	  1865	  1864	  1969	-1.0668	-0.9144	-2.286	0	1	-0	
element 3792	  1865	  1760	  1759	  1864	-1.3716	-0.9144	-2.286	0	1	-0	
element 3793	  1760	  1577	  1576	  1759	-1.6764	-0.9144	-2.286	0	1	-0	
element 3794	  2363	  2270	  2269	  2362	-0.1524	-0.9144	-2.286	0	1	-0	
element 3795	  2270	  2155	  2154	  2269	-0.4572	-0.9144	-2.286	0	1	-0	
element 3796	  2155	  1970	  1969	  2154	-0.762	-0.9144	-2.286	0	1	-0	
element 3797	   580	   800	   851	   631	-4.1148	-0.762	-2.4384	0	-0	1	
element 3798	   631	   851	   852	   630	-4.1148	-0.4572	-2.4384	0	-0	1	
element 3799	   630	   852	   801	   582	-4.1148	-0.1524	-2.4384	0	0	1	
element 3800	   800	   958	   998	   851	-3.81	-0.762	-2.4384	0	0	1	
element 3801	   851	   998	   999	   852	-3.81	-0.4572	-2.4384	0	-0	1	
element 3802	   852	   999	   961	   801	-3.81	-0.1524	-2.4384	0	-0	1	
element 3803	  1305	  1216	  1183	  1268	-2.8956	-0.762	-2.4384	0	0	1	
element 3804	  1216	  1123	  1090	  1183	-3.2004	-0.762	-2.4384	0	0	1	
element 3805	  1123	   998	   958	  1090	-3.5052	-0.762	-2.4384	0	0	1	
element 3806	  1306	  1217	  1216	  1305	-2.8956	-0.4572	-2.4384	0	0	1	
element 3807	  1217	  1124	  1123	  1216	-3.2004	-0.4572	-2.4384	0	0	1	
element 3808	  1124	   999	   998	  1123	-3.5052	-0.4572	-2.4384	0	0	1	
element 3809	  1272	  1184	  1217	  1306	-2.8956	-0.1524	-2.4384	0	0	1	
element 3810	  1184	  1091	  1124	  1217	-3.2004	-0.1524	-2.4384	0	0	1	
element 3811	  1091	   961	   999	  1124	-3.5052	-0.1524	-2.4384	0	0	1	
element 3812	  1617	  1525	  1492	  1577	-1.9812	-0.762	-2.4384	0	0	1	
element 3813	  1525	  1432	  1399	  1492	-2.286	-0.762	-2.4384	0	0	1	
element 3814	  1432	  1305	  1268	  1399	-2.5908	-0.762	-2.4384	0	0	1	
element 3815	  1618	  1526	  1525	  1617	-1.9812	-0.4572	-2.4384	0	0	1	
element 3816	  1526	  1433	  1432	  1525	-2.286	-0.4572	-2.4384	0	0	1	
element 3817	  1433	  1306	  1305	  1432	-2.5908	-0.4572	-2.4384	0	0	1	
element 3818	  1571	  1493	  1526	  1618	-1.9812	-0.1524	-2.4384	0	0	1	
element 3819	  1493	  1400	  1433	  1526	-2.286	-0.1524	-2.4384	0	0	1	
element 3820	  1400	  1272	  1306	  1433	-2.5908	-0.1524	-2.4384	0	0	1	
element 3821	  2013	  1904	  1865	  1970	-1.0668	-0.762	-2.4384	0	0	1	
element 3822	  1904	  1789	  1760	  1865	-1.3716	-0.762	-2.4384	0	0	1	
element 3823	  1789	  1617	  1577	  1760	-1.6764	-0.762	-2.4384	0	0	1	
element 3824	  2014	  1905	  1904	  2013	-1.0668	-0.4572	-2.4384	0	0	1	
element 3825	  1905	  1790	  1789	  1904	-1.3716	-0.4572	-2.4384	0	0	1	
element 3826	  1790	  1618	  1617	  1789	-1.6764	-0.4572	-2.4384	0	0	1	
element 3827	  1965	  1866	  1905	  2014	-1.0668	-0.1524	-2.4384	0	0	1	
element 3828	  1866	  1761	  1790	  1905	-1.3716	-0.1524	-2.4384	0	0	1	
element 3829	  1761	  1571	  1618	  1790	-1.6764	-0.1524	-2.4384	0	0	1	
element 3830	  2408	  2299	  2270	  2363	-0.1524	-0.762	-2.4384	0	0	1	
element 3831	  2299	  2184	  2155	  2270	-0.4572	-0.762	-2.4384	0	0	1	
element 3832	  2184	  2013	  1970	  2155	-0.762	-0.762	-2.4384	0	0	1	
element 3833	  2409	  2300	  2299	  2408	-0.1524	-0.4572	-2.4384	0	0	1	
element 3834	  2300	  2185	  2184	  2299	-0.4572	-0.4572	-2.4384	0	0	1	
element 3835	  2185	  2014	  2013	  2184	-0.762	-0.4572	-2.4384	0	0	1	
element 3836	  2359	  2271	  2300	  2409	-0.1524	-0.1524	-2.4384	0	0	1	
element 3837	  2271	  2156	  2185	  2300	-0.4572	-0.1524	-2.4384	0	0	1	
element 3838	  2156	  1965	  2014	  2185	-0.762	-0.1524	-2.4384	0	0	1	
element 3839	   575	   798	   853	   633	-4.1148	-0.1524	2.4384	0	-0	-1	
element 3840	   633	   853	   854	   632	-4.1148	-0.4572	2.4384	0	-0	-1	
element 3841	   632	   854	   797	   569	-4.1148	-0.762	2.4384	0	-0	-1	
element 3842	   798	   956	  1000	   853	-3.81	-0.1524	2.4384	0	0	-1	
element 3843	   853	  1000	  1001	   854	-3.81	-0.4572	2.4384	0	0	-1	
element 3844	   854	  1001	   955	   797	-3.81	-0.762	2.4384	0	0	-1	
element 3845	  1307	  1218	  1185	  1266	-2.8956	-0.1524	2.4384	0	0	-1	
element 3846	  1218	  1125	  1092	  1185	-3.2004	-0.1524	2.4384	0	0	-1	
element 3847	  1125	  1000	   956	  1092	-3.5052	-0.1524	2.4384	0	0	-1	
element 3848	  1308	  1219	  1218	  1307	-2.8956	-0.4572	2.4384	0	0	-1	
element 3849	  1219	  1126	  1125	  1218	-3.2004	-0.4572	2.4384	0	0	-1	
element 3850	  1126	  1001	  1000	  1125	-3.5052	-0.4572	2.4384	0	0	-1	
element 3851	  1265	  1175	  1219	  1308	-2.8956	-0.762	2.4384	0	0	-1	
element 3852	  1175	  1082	  1126	  1219	-3.2004	-0.762	2.4384	0	0	-1	
element 3853	  1082	   955	  1001	  1126	-3.5052	-0.762	2.4384	0	0	-1	
element 3854	  1619	  1527	  1494	  1574	-1.9812	-0.1524	2.4384	0	0	-1	
element 3855	  1527	  1434	  1401	  1494	-2.286	-0.1524	2.4384	0	0	-1	
element 3856	  1434	  1307	  1266	  1401	-2.5908	-0.1524	2.4384	0	0	-1	
element 3857	  1620	  1528	  1527	  1619	-1.9812	-0.4572	2.4384	0	0	-1	
element 3858	  1528	  1435	  1434	  1527	-2.286	-0.4572	2.4384	0	0	-1	
element 3859	  1435	  1308	  1307	  1434	-2.5908	-0.4572	2.4384	0	0	-1	
element 3860	  1572	  1484	  1528	  1620	-1.9812	-0.762	2.4384	0	0	-1	
element 3861	  1484	  1391	  1435	  1528	-2.286	-0.762	2.4384	0	0	-1	
element 3862	  1391	  1265	  1308	  1435	-2.5908	-0.762	2.4384	0	0	-1	
element 3863	  2015	  1906	  1867	  1967	-1.0668	-0.1524	2.4384	0	0	-1	
element 3864	  1906	  1791	  1736	  1867	-1.3716	-0.1524	2.4384	0	0	-1	
element 3865	  1791	  1619	  1574	  1736	-1.6764	-0.1524	2.4384	0	0	-1	
element 3866	  2016	  1907	  1906	  2015	-1.0668	-0.4572	2.4384	0	0	-1	
element 3867	  1907	  1792	  1791	  1906	-1.3716	-0.4572	2.4384	0	0	-1	
element 3868	  1792	  1620	  1619	  1791	-1.6764	-0.4572	2.4384	0	0	-1	
element 3869	  1964	  1857	  1907	  2016	-1.0668	-0.762	2.4384	0	0	-1	
element 3870	  1857	  1735	  1792	  1907	-1.3716	-0.762	2.4384	0	0	-1	
element 3871	  1735	  1572	  1620	  1792	-1.6764	-0.762	2.4384	0	0	-1	
element 3872	  2410	  2301	  2246	  2360	-0.1524	-0.1524	2.4384	0	0	-1	
element 3873	  2301	  2186	  2131	  2246	-0.4572	-0.1524	2.4384	0	0	-1	
element 3874	  2186	  2015	  1967	  2131	-0.762	-0.1524	2.4384	0	0	-1	
element 3875	  2411	  2302	  2301	  2410	-0.1524	-0.4572	2.4384	0	0	-1	
element 3876	  2302	  2187	  2186	  2301	-0.4572	-0.4572	2.4384	0	0	-1	
element 3877	  2187	  2016	  2015	  2186	-0.762	-0.4572	2.4384	0	0	-1	
element 3878	  2357	  2245	  2302	  2411	-0.1524	-0.762	2.4384	0	0	-1	
element 3879	  2245	  2130	  2187	  2302	-0.4572	-0.762	2.4384	0	0	-1	
element 3880	  2130	  1964	  2016	  2187	-0.762	-0.762	2.4384	0	0	-1	
element 3881	   568	   873	   855	   635	-4.1148	0.762	2.4384	0	-0	-1	
element 3882	   635	   855	   856	   634	-4.1148	0.4572	2.4384	0	-0	-1	
element 3883	   634	   856	   798	   575	-4.1148	0.1524	2.4384	0	-0	-1	
element 3884	   873	   953	  1002	   855	-3.81	0.762	2.4384	0	0	-1	
element 3885	   855	  1002	  1003	   856	-3.81	0.4572	2.4384	0	0	-1	
element 3886	   856	  1003	   956	   798	-3.81	0.1524	2.4384	0	0	-1	
element 3887	  1309	  1220	  1186	  1263	-2.8956	0.762	2.4384	0	0	-1	
element 3888	  1220	  1127	  1093	  1186	-3.2004	0.762	2.4384	0	0	-1	
element 3889	  1127	  1002	   953	  1093	-3.5052	0.762	2.4384	0	0	-1	
element 3890	  1310	  1221	  1220	  1309	-2.8956	0.4572	2.4384	0	0	-1	
element 3891	  1221	  1128	  1127	  1220	-3.2004	0.4572	2.4384	0	0	-1	
element 3892	  1128	  1003	  1002	  1127	-3.5052	0.4572	2.4384	0	0	-1	
element 3893	  1266	  1185	  1221	  1310	-2.8956	0.1524	2.4384	0	0	-1	
element 3894	  1185	  1092	  1128	  1221	-3.2004	0.1524	2.4384	0	0	-1	
element 3895	  1092	   956	  1003	  1128	-3.5052	0.1524	2.4384	0	0	-1	
element 3896	  1621	  1529	  1495	  1570	-1.9812	0.762	2.4384	0	0	-1	
element 3897	  1529	  1436	  1402	  1495	-2.286	0.762	2.4384	0	0	-1	
element 3898	  1436	  1309	  1263	  1402	-2.5908	0.762	2.4384	0	0	-1	
element 3899	  1622	  1530	  1529	  1621	-1.9812	0.4572	2.4384	0	0	-1	
element 3900	  1530	  1437	  1436	  1529	-2.286	0.4572	2.4384	0	0	-1	
element 3901	  1437	  1310	  1309	  1436	-2.5908	0.4572	2.4384	0	0	-1	
element 3902	  1574	  1494	  1530	  1622	-1.9812	0.1524	2.4384	0	0	-1	
element 3903	  1494	  1401	  1437	  1530	-2.286	0.1524	2.4384	0	0	-1	
element 3904	  1401	  1266	  1310	  1437	-2.5908	0.1524	2.4384	0	0	-1	
element 3905	  2017	  1908	  1868	  1966	-1.0668	0.762	2.4384	0	0	-1	
element 3906	  1908	  1793	  1737	  1868	-1.3716	0.762	2.4384	0	0	-1	
element 3907	  1793	  1621	  1570	  1737	-1.6764	0.762	2.4384	0	0	-1	
element 3908	  2018	  1909	  1908	  2017	-1.0668	0.4572	2.4384	0	0	-1	
element 3909	  1909	  1794	  1793	  1908	-1.3716	0.4572	2.4384	0	0	-1	
element 3910	  1794	  1622	  1621	  1793	-1.6764	0.4572	2.4384	0	0	-1	
element 3911	  1967	  1867	  1909	  2018	-1.0668	0.1524	2.4384	0	0	-1	
element 3912	  1867	  1736	  1794	  1909	-1.3716	0.1524	2.4384	0	0	-1	
element 3913	  1736	  1574	  1622	  1794	-1.6764	0.1524	2.4384	0	0	-1	
element 3914	  2412	  2303	  2252	  2371	-0.1524	0.762	2.4384	0	0	-1	
element 3915	  2303	  2188	  2137	  2252	-0.4572	0.762	2.4384	0	0	-1	
element 3916	  2188	  2017	  1966	  2137	-0.762	0.762	2.4384	0	0	-1	
element 3917	  2413	  2304	  2303	  2412	-0.1524	0.4572	2.4384	0	0	-1	
element 3918	  2304	  2189	  2188	  2303	-0.4572	0.4572	2.4384	0	0	-1	
element 3919	  2189	  2018	  2017	  2188	-0.762	0.4572	2.4384	0	0	-1	
element 3920	  2360	  2246	  2304	  2413	-0.1524	0.1524	2.4384	0	0	-1	
element 3921	  2246	  2131	  2189	  2304	-0.4572	0.1524	2.4384	0	0	-1	
element 3922	  2131	  1967	  2018	  2189	-0.762	0.1524	2.4384	0	0	-1	
element 3923	   582	   801	   857	   637	-4.1148	0.1524	-2.4384	0	0	1	
element 3924	   637	   857	   858	   636	-4.1148	0.4572	-2.4384	0	0	1	
element 3925	   636	   858	   807	   587	-4.1148	0.762	-2.4384	0	0	1	
element 3926	   801	   961	  1004	   857	-3.81	0.1524	-2.4384	0	-0	1	
element 3927	   857	  1004	  1005	   858	-3.81	0.4572	-2.4384	0	-0	1	
element 3928	   858	  1005	   965	   807	-3.81	0.762	-2.4384	0	-0	1	
element 3929	  1311	  1222	  1184	  1272	-2.8956	0.1524	-2.4384	0	0	1	
element 3930	  1222	  1129	  1091	  1184	-3.2004	0.1524	-2.4384	0	0	1	
element 3931	  1129	  1004	   961	  1091	-3.5052	0.1524	-2.4384	0	0	1	
element 3932	  1312	  1223	  1222	  1311	-2.8956	0.4572	-2.4384	0	0	1	
element 3933	  1223	  1130	  1129	  1222	-3.2004	0.4572	-2.4384	0	0	1	
element 3934	  1130	  1005	  1004	  1129	-3.5052	0.4572	-2.4384	0	0	1	
element 3935	  1275	  1197	  1223	  1312	-2.8956	0.762	-2.4384	0	0	1	
element 3936	  1197	  1104	  1130	  1223	-3.2004	0.762	-2.4384	0	0	1	
element 3937	  1104	   965	  1005	  1130	-3.5052	0.762	-2.4384	0	0	1	
element 3938	  1623	  1531	  1493	  1571	-1.9812	0.1524	-2.4384	0	0	1	
element 3939	  1531	  1438	  1400	  1493	-2.286	0.1524	-2.4384	0	0	1	
element 3940	  1438	  1311	  1272	  1400	-2.5908	0.1524	-2.4384	0	0	1	
element 3941	  1624	  1532	  1531	  1623	-1.9812	0.4572	-2.4384	0	0	1	
element 3942	  1532	  1439	  1438	  1531	-2.286	0.4572	-2.4384	0	0	1	
element 3943	  1439	  1312	  1311	  1438	-2.5908	0.4572	-2.4384	0	0	1	
element 3944	  1582	  1506	  1532	  1624	-1.9812	0.762	-2.4384	0	0	1	
element 3945	  1506	  1413	  1439	  1532	-2.286	0.762	-2.4384	0	0	1	
element 3946	  1413	  1275	  1312	  1439	-2.5908	0.762	-2.4384	0	0	1	
element 3947	  2019	  1910	  1866	  1965	-1.0668	0.1524	-2.4384	0	0	1	
element 3948	  1910	  1795	  1761	  1866	-1.3716	0.1524	-2.4384	0	0	1	
element 3949	  1795	  1623	  1571	  1761	-1.6764	0.1524	-2.4384	0	0	1	
element 3950	  2020	  1911	  1910	  2019	-1.0668	0.4572	-2.4384	0	0	1	
element 3951	  1911	  1796	  1795	  1910	-1.3716	0.4572	-2.4384	0	0	1	
element 3952	  1796	  1624	  1623	  1795	-1.6764	0.4572	-2.4384	0	0	1	
element 3953	  1975	  1879	  1911	  2020	-1.0668	0.762	-2.4384	0	0	1	
element 3954	  1879	  1766	  1796	  1911	-1.3716	0.762	-2.4384	0	0	1	
element 3955	  1766	  1582	  1624	  1796	-1.6764	0.762	-2.4384	0	0	1	
element 3956	  2414	  2305	  2271	  2359	-0.1524	0.1524	-2.4384	0	0	1	
element 3957	  2305	  2190	  2156	  2271	-0.4572	0.1524	-2.4384	0	0	1	
element 3958	  2190	  2019	  1965	  2156	-0.762	0.1524	-2.4384	0	0	1	
element 3959	  2415	  2306	  2305	  2414	-0.1524	0.4572	-2.4384	0	0	1	
element 3960	  2306	  2191	  2190	  2305	-0.4572	0.4572	-2.4384	0	0	1	
element 3961	  2191	  2020	  2019	  2190	-0.762	0.4572	-2.4384	0	0	1	
element 3962	  2369	  2276	  2306	  2415	-0.1524	0.762	-2.4384	0	0	1	
element 3963	  2276	  2161	  2191	  2306	-0.4572	0.762	-2.4384	0	0	1	
element 3964	  2161	  1975	  2020	  2191	-0.762	0.762	-2.4384	0	0	1	
element 4399	   587	   807	   887	   661	-4.1148	1.0668	-2.4384	0	0	1	
element 4400	   661	   887	   888	   660	-4.1148	1.3716	-2.4384	0	0	1	
element 4401	   660	   888	   795	   566	-4.1148	1.6764	-2.4384	0	0	1	
element 4402	   807	   965	  1029	   887	-3.81	1.0668	-2.4384	0	-0	1	
element 4403	   887	  1029	  1030	   888	-3.81	1.3716	-2.4384	0	0	1	
element 4404	   888	  1030	   952	   795	-3.81	1.6764	-2.4384	0	0	1	
element 4405	  1335	  1242	  1197	  1275	-2.8956	1.0668	-2.4384	0	0	1	
element 4406	  1242	  1149	  1104	  1197	-3.2004	1.0668	-2.4384	0	0	1	
element 4407	  1149	  1029	   965	  1104	-3.5052	1.0668	-2.4384	0	0	1	
element 4408	  1336	  1243	  1242	  1335	-2.8956	1.3716	-2.4384	0	0	1	
element 4409	  1243	  1150	  1149	  1242	-3.2004	1.3716	-2.4384	0	0	1	
element 4410	  1150	  1030	  1029	  1149	-3.5052	1.3716	-2.4384	0	0	1	
element 4411	  1262	  1169	  1243	  1336	-2.8956	1.6764	-2.4384	0	0	1	
element 4412	  1169	  1076	  1150	  1243	-3.2004	1.6764	-2.4384	0	0	1	
element 4413	  1076	   952	  1030	  1150	-3.5052	1.6764	-2.4384	0	0	1	
element 4414	  1650	  1551	  1506	  1582	-1.9812	1.0668	-2.4384	0	0	1	
element 4415	  1551	  1458	  1413	  1506	-2.286	1.0668	-2.4384	0	0	1	
element 4416	  1458	  1335	  1275	  1413	-2.5908	1.0668	-2.4384	0	0	1	
element 4417	  1651	  1552	  1551	  1650	-1.9812	1.3716	-2.4384	0	0	1	
element 4418	  1552	  1459	  1458	  1551	-2.286	1.3716	-2.4384	0	0	1	
element 4419	  1459	  1336	  1335	  1458	-2.5908	1.3716	-2.4384	0	0	1	
element 4420	  1589	  1478	  1552	  1651	-1.9812	1.6764	-2.4384	0	0	1	
element 4421	  1478	  1385	  1459	  1552	-2.286	1.6764	-2.4384	0	0	1	
element 4422	  1385	  1262	  1336	  1459	-2.5908	1.6764	-2.4384	0	0	1	
element 4423	  2045	  1930	  1879	  1975	-1.0668	1.0668	-2.4384	0	0	1	
element 4424	  1930	  1815	  1766	  1879	-1.3716	1.0668	-2.4384	0	0	1	
element 4425	  1815	  1650	  1582	  1766	-1.6764	1.0668	-2.4384	0	0	1	
element 4426	  2046	  1931	  1930	  2045	-1.0668	1.3716	-2.4384	0	0	1	
element 4427	  1931	  1816	  1815	  1930	-1.3716	1.3716	-2.4384	0	0	1	
element 4428	  1816	  1651	  1650	  1815	-1.6764	1.3716	-2.4384	0	0	1	
element 4429	  1985	  1851	  1931	  2046	-1.0668	1.6764	-2.4384	0	0	1	
element 4430	  1851	  1748	  1816	  1931	-1.3716	1.6764	-2.4384	0	0	1	
element 4431	  1748	  1589	  1651	  1816	-1.6764	1.6764	-2.4384	0	0	1	
element 4432	  2440	  2325	  2276	  2369	-0.1524	1.0668	-2.4384	0	0	1	
element 4433	  2325	  2210	  2161	  2276	-0.4572	1.0668	-2.4384	0	0	1	
element 4434	  2210	  2045	  1975	  2161	-0.762	1.0668	-2.4384	0	0	1	
element 4435	  2441	  2326	  2325	  2440	-0.1524	1.3716	-2.4384	0	0	1	
element 4436	  2326	  2211	  2210	  2325	-0.4572	1.3716	-2.4384	0	0	1	
element 4437	  2211	  2046	  2045	  2210	-0.762	1.3716	-2.4384	0	0	1	
element 4438	  2379	  2258	  2326	  2441	-0.1524	1.6764	-2.4384	0	0	1	
element 4439	  2258	  2143	  2211	  2326	-0.4572	1.6764	-2.4384	0	0	1	
element 4440	  2143	  1985	  2046	  2211	-0.762	1.6764	-2.4384	0	0	1	
element 4441	   566	   795	   889	   662	-4.1148	1.9812	-2.4384	0	0	1	
element 4442	   662	   889	   814	   602	-4.1148	2.286	-2.4384	0	0	1	
element 4443	   795	   952	  1031	   889	-3.81	1.9812	-2.4384	0	0	1	
element 4444	   889	  1031	   974	   814	-3.81	2.286	-2.4384	0	0	1	
element 4445	  1337	  1244	  1169	  1262	-2.8956	1.9812	-2.4384	0	0	1	
element 4446	  1244	  1151	  1076	  1169	-3.2004	1.9812	-2.4384	0	0	1	
element 4447	  1151	  1031	   952	  1076	-3.5052	1.9812	-2.4384	0	0	1	
element 4448	  1284	  1171	  1244	  1337	-2.8956	2.286	-2.4384	0	0	1	
element 4449	  1171	  1078	  1151	  1244	-3.2004	2.286	-2.4384	0	0	1	
element 4450	  1078	   974	  1031	  1151	-3.5052	2.286	-2.4384	0	0	1	
element 4451	  1652	  1553	  1478	  1589	-1.9812	1.9812	-2.4384	0	0	1	
element 4452	  1553	  1460	  1385	  1478	-2.286	1.9812	-2.4384	0	0	1	
element 4453	  1460	  1337	  1262	  1385	-2.5908	1.9812	-2.4384	0	0	1	
element 4454	  1592	  1480	  1553	  1652	-1.9812	2.286	-2.4384	0	0	1	
element 4455	  1480	  1387	  1460	  1553	-2.286	2.286	-2.4384	0	0	1	
element 4456	  1387	  1284	  1337	  1460	-2.5908	2.286	-2.4384	0	0	1	
element 4457	  2047	  1932	  1851	  1985	-1.0668	1.9812	-2.4384	0	0	1	
element 4458	  1932	  1817	  1748	  1851	-1.3716	1.9812	-2.4384	0	0	1	
element 4459	  1817	  1652	  1589	  1748	-1.6764	1.9812	-2.4384	0	0	1	
element 4460	  1988	  1853	  1932	  2047	-1.0668	2.286	-2.4384	0	0	1	
element 4461	  1853	  1749	  1817	  1932	-1.3716	2.286	-2.4384	0	0	1	
element 4462	  1749	  1592	  1652	  1817	-1.6764	2.286	-2.4384	0	0	1	
element 4463	  2442	  2327	  2258	  2379	-0.1524	1.9812	-2.4384	0	0	1	
element 4464	  2327	  2212	  2143	  2258	-0.4572	1.9812	-2.4384	0	0	1	
element 4465	  2212	  2047	  1985	  2143	-0.762	1.9812	-2.4384	0	0	1	
element 4466	  2382	  2259	  2327	  2442	-0.1524	2.286	-2.4384	0	0	1	
element 4467	  2259	  2144	  2212	  2327	-0.4572	2.286	-2.4384	0	0	1	
element 4468	  2144	  1988	  2047	  2212	-0.762	2.286	-2.4384	0	0	1	
element 4469	   609	   869	   890	   664	-4.1148	1.6764	2.4384	0	-0	-1	
element 4470	   664	   890	   891	   663	-4.1148	1.3716	2.4384	0	-0	-1	
element 4471	   663	   891	   873	   568	-4.1148	1.0668	2.4384	0	-0	-1	
element 4472	   869	   973	  1032	   890	-3.81	1.6764	2.4384	0	0	-1	
element 4473	   890	  1032	  1033	   891	-3.81	1.3716	2.4384	0	0	-1	
element 4474	   891	  1033	   953	   873	-3.81	1.0668	2.4384	0	0	-1	
element 4475	  1338	  1245	  1164	  1283	-2.8956	1.6764	2.4384	0	0	-1	
element 4476	  1245	  1152	  1071	  1164	-3.2004	1.6764	2.4384	0	0	-1	
element 4477	  1152	  1032	   973	  1071	-3.5052	1.6764	2.4384	0	0	-1	
element 4478	  1339	  1246	  1245	  1338	-2.8956	1.3716	2.4384	0	0	-1	
element 4479	  1246	  1153	  1152	  1245	-3.2004	1.3716	2.4384	0	0	-1	
element 4480	  1153	  1033	  1032	  1152	-3.5052	1.3716	2.4384	0	0	-1	
element 4481	  1263	  1186	  1246	  1339	-2.8956	1.0668	2.4384	0	0	-1	
element 4482	  1186	  1093	  1153	  1246	-3.2004	1.0668	2.4384	0	0	-1	
element 4483	  1093	   953	  1033	  1153	-3.5052	1.0668	2.4384	0	0	-1	
element 4484	  1653	  1554	  1473	  1591	-1.9812	1.6764	2.4384	0	0	-1	
element 4485	  1554	  1461	  1380	  1473	-2.286	1.6764	2.4384	0	0	-1	
element 4486	  1461	  1338	  1283	  1380	-2.5908	1.6764	2.4384	0	0	-1	
element 4487	  1654	  1555	  1554	  1653	-1.9812	1.3716	2.4384	0	0	-1	
element 4488	  1555	  1462	  1461	  1554	-2.286	1.3716	2.4384	0	0	-1	
element 4489	  1462	  1339	  1338	  1461	-2.5908	1.3716	2.4384	0	0	-1	
element 4490	  1570	  1495	  1555	  1654	-1.9812	1.0668	2.4384	0	0	-1	
element 4491	  1495	  1402	  1462	  1555	-2.286	1.0668	2.4384	0	0	-1	
element 4492	  1402	  1263	  1339	  1462	-2.5908	1.0668	2.4384	0	0	-1	
element 4493	  2048	  1933	  1846	  1987	-1.0668	1.6764	2.4384	0	0	-1	
element 4494	  1933	  1818	  1731	  1846	-1.3716	1.6764	2.4384	0	0	-1	
element 4495	  1818	  1653	  1591	  1731	-1.6764	1.6764	2.4384	0	0	-1	
element 4496	  2049	  1934	  1933	  2048	-1.0668	1.3716	2.4384	0	0	-1	
element 4497	  1934	  1819	  1818	  1933	-1.3716	1.3716	2.4384	0	0	-1	
element 4498	  1819	  1654	  1653	  1818	-1.6764	1.3716	2.4384	0	0	-1	
element 4499	  1966	  1868	  1934	  2049	-1.0668	1.0668	2.4384	0	0	-1	
element 4500	  1868	  1737	  1819	  1934	-1.3716	1.0668	2.4384	0	0	-1	
element 4501	  1737	  1570	  1654	  1819	-1.6764	1.0668	2.4384	0	0	-1	
element 4502	  2443	  2328	  2241	  2381	-0.1524	1.6764	2.4384	0	0	-1	
element 4503	  2328	  2213	  2126	  2241	-0.4572	1.6764	2.4384	0	0	-1	
element 4504	  2213	  2048	  1987	  2126	-0.762	1.6764	2.4384	0	0	-1	
element 4505	  2444	  2329	  2328	  2443	-0.1524	1.3716	2.4384	0	0	-1	
element 4506	  2329	  2214	  2213	  2328	-0.4572	1.3716	2.4384	0	0	-1	
element 4507	  2214	  2049	  2048	  2213	-0.762	1.3716	2.4384	0	0	-1	
element 4508	  2371	  2252	  2329	  2444	-0.1524	1.0668	2.4384	0	0	-1	
element 4509	  2252	  2137	  2214	  2329	-0.4572	1.0668	2.4384	0	0	-1	
element 4510	  2137	  1966	  2049	  2214	-0.762	1.0668	2.4384	0	0	-1	
element 4511	   601	   813	   892	   665	-4.1148	2.286	2.4384	0	0	-1	
element 4512	   665	   892	   869	   609	-4.1148	1.9812	2.4384	0	0	-1	
element 4513	   813	   972	  1034	   892	-3.81	2.286	2.4384	0	0	-1	
element 4514	   892	  1034	   973	   869	-3.81	1.9812	2.4384	0	0	-1	
element 4515	  1340	  1247	  1166	  1282	-2.8956	2.286	2.4384	0	0	-1	
element 4516	  1247	  1154	  1073	  1166	-3.2004	2.286	2.4384	0	0	-1	
element 4517	  1154	  1034	   972	  1073	-3.5052	2.286	2.4384	0	0	-1	
element 4518	  1283	  1164	  1247	  1340	-2.8956	1.9812	2.4384	0	0	-1	
element 4519	  1164	  1071	  1154	  1247	-3.2004	1.9812	2.4384	0	0	-1	
element 4520	  1071	   973	  1034	  1154	-3.5052	1.9812	2.4384	0	0	-1	
element 4521	  1655	  1556	  1475	  1590	-1.9812	2.286	2.4384	0	0	-1	
element 4522	  1556	  1463	  1382	  1475	-2.286	2.286	2.4384	0	0	-1	
element 4523	  1463	  1340	  1282	  1382	-2.5908	2.286	2.4384	0	0	-1	
element 4524	  1591	  1473	  1556	  1655	-1.9812	1.9812	2.4384	0	0	-1	
element 4525	  1473	  1380	  1463	  1556	-2.286	1.9812	2.4384	0	0	-1	
element 4526	  1380	  1283	  1340	  1463	-2.5908	1.9812	2.4384	0	0	-1	
element 4527	  2050	  1935	  1848	  1986	-1.0668	2.286	2.4384	0	0	-1	
element 4528	  1935	  1820	  1732	  1848	-1.3716	2.286	2.4384	0	0	-1	
element 4529	  1820	  1655	  1590	  1732	-1.6764	2.286	2.4384	0	0	-1	
element 4530	  1987	  1846	  1935	  2050	-1.0668	1.9812	2.4384	0	0	-1	
element 4531	  1846	  1731	  1820	  1935	-1.3716	1.9812	2.4384	0	0	-1	
element 4532	  1731	  1591	  1655	  1820	-1.6764	1.9812	2.4384	0	0	-1	
element 4533	  2445	  2330	  2242	  2380	-0.1524	2.286	2.4384	0	0	-1	
element 4534	  2330	  2215	  2127	  2242	-0.4572	2.286	2.4384	0	0	-1	
element 4535	  2215	  2050	  1986	  2127	-0.762	2.286	2.4384	0	0	-1	
element 4536	  2381	  2241	  2330	  2445	-0.1524	1.9812	2.4384	0	0	-1	
element 4537	  2241	  2126	  2215	  2330	-0.4572	1.9812	2.4384	0	0	-1	
element 4538	  2126	  1987	  2050	  2215	-0.762	1.9812	2.4384	0	0	-1	
element 4854	   633	   700	   571	   575	-4.2672	-0.1524	2.286	1	-0	0	
element 4855	   632	   699	   700	   633	-4.2672	-0.4572	2.286	1	-0	0	
element 4856	   569	   570	   699	   632	-4.2672	-0.762	2.286	1	-0	0	
element 4857	   700	   639	   572	   571	-4.2672	-0.1524	1.9812	1	-0	0	
element 4858	   699	   638	   639	   700	-4.2672	-0.4572	1.9812	1	-0	0	
element 4859	   570	   585	   638	   699	-4.2672	-0.762	1.9812	1	-0	0	
element 4860	   735	   641	   578	   652	-4.2672	-0.1524	1.0668	1	0	0	
element 4861	   736	   640	   641	   735	-4.2672	-0.4572	1.0668	1	0	0	
element 4862	   622	   584	   640	   736	-4.2672	-0.762	1.0668	1	0	0	
element 4863	   737	   735	   652	   653	-4.2672	-0.1524	1.3716	1	-0	0	
element 4864	   738	   736	   735	   737	-4.2672	-0.4572	1.3716	1	-0	0	
element 4865	   623	   622	   736	   738	-4.2672	-0.762	1.3716	1	-0	0	
element 4866	   639	   737	   653	   572	-4.2672	-0.1524	1.6764	1	-0	0	
element 4867	   638	   738	   737	   639	-4.2672	-0.4572	1.6764	1	-0	0	
element 4868	   585	   623	   738	   638	-4.2672	-0.762	1.6764	1	-0	0	
element 4869	   739	   643	   573	   654	-4.2672	-0.1524	0.1524	1	0	0	
element 4870	   740	   642	   643	   739	-4.2672	-0.4572	0.1524	1	0	0	
element 4871	   624	   579	   642	   740	-4.2672	-0.762	0.1524	1	0	0	
element 4872	   741	   739	   654	   655	-4.2672	-0.1524	0.4572	1	-0	0	
element 4873	   742	   740	   739	   741	-4.2672	-0.4572	0.4572	1	-0	0	
element 4874	   625	   624	   740	   742	-4.2672	-0.762	0.4572	1	-0	0	
element 4875	   641	   741	   655	   578	-4.2672	-0.1524	0.762	1	-0	0	
element 4876	   640	   742	   741	   641	-4.2672	-0.4572	0.762	1	-0	0	
element 4877	   584	   625	   742	   640	-4.2672	-0.762	0.762	1	-0	0	
element 4878	   743	   649	   576	   656	-4.2672	-0.1524	-0.762	1	0	0	
element 4879	   744	   648	   649	   743	-4.2672	-0.4572	-0.762	1	0	0	
element 4880	   626	   586	   648	   744	-4.2672	-0.762	-0.762	1	0	0	
element 4881	   745	   743	   656	   657	-4.2672	-0.1524	-0.4572	1	-0	0	
element 4882	   746	   744	   743	   745	-4.2672	-0.4572	-0.4572	1	-0	0	
element 4883	   627	   626	   744	   746	-4.2672	-0.762	-0.4572	1	-0	0	
element 4884	   643	   745	   657	   573	-4.2672	-0.1524	-0.1524	1	-0	0	
element 4885	   642	   746	   745	   643	-4.2672	-0.4572	-0.1524	1	-0	0	
element 4886	   579	   627	   746	   642	-4.2672	-0.762	-0.1524	1	-0	0	
element 4887	   747	   651	   577	   658	-4.2672	-0.1524	-1.6764	1	0	0	
element 4888	   748	   650	   651	   747	-4.2672	-0.4572	-1.6764	1	0	0	
element 4889	   628	   583	   650	   748	-4.2672	-0.762	-1.6764	1	0	0	
element 4890	   749	   747	   658	   659	-4.2672	-0.1524	-1.3716	1	-0	0	
element 4891	   750	   748	   747	   749	-4.2672	-0.4572	-1.3716	1	-0	0	
element 4892	   629	   628	   748	   750	-4.2672	-0.762	-1.3716	1	-0	0	
element 4893	   649	   749	   659	   576	-4.2672	-0.1524	-1.0668	1	-0	0	
element 4894	   648	   750	   749	   649	-4.2672	-0.4572	-1.0668	1	-0	0	
element 4895	   586	   629	   750	   648	-4.2672	-0.762	-1.0668	1	-0	0	
element 4896	   701	   704	   589	   590	-4.2672	0.762	-1.9812	1	-0	0	
element 4897	   702	   703	   704	   701	-4.2672	0.4572	-1.9812	1	0	0	
element 4898	   577	   574	   703	   702	-4.2672	0.1524	-1.9812	1	0	0	
element 4899	   751	   701	   590	   705	-4.2672	0.762	-1.6764	1	-0	0	
element 4900	   752	   702	   701	   751	-4.2672	0.4572	-1.6764	1	-0	0	
element 4901	   658	   577	   702	   752	-4.2672	0.1524	-1.6764	1	-0	0	
element 4902	   753	   751	   705	   706	-4.2672	0.762	-1.3716	1	-0	0	
element 4903	   754	   752	   751	   753	-4.2672	0.4572	-1.3716	1	-0	0	
element 4904	   659	   658	   752	   754	-4.2672	0.1524	-1.3716	1	-0	0	
element 4905	   707	   753	   706	   591	-4.2672	0.762	-1.0668	1	-0	0	
element 4906	   708	   754	   753	   707	-4.2672	0.4572	-1.0668	1	-0	0	
element 4907	   576	   659	   754	   708	-4.2672	0.1524	-1.0668	1	-0	0	
element 4908	   755	   707	   591	   709	-4.2672	0.762	-0.762	1	-0	0	
element 4909	   756	   708	   707	   755	-4.2672	0.4572	-0.762	1	-0	0	
element 4910	   656	   576	   708	   756	-4.2672	0.1524	-0.762	1	-0	0	
element 4911	   757	   755	   709	   710	-4.2672	0.762	-0.4572	1	-0	0	
element 4912	   758	   756	   755	   757	-4.2672	0.4572	-0.4572	1	-0	0	
element 4913	   657	   656	   756	   758	-4.2672	0.1524	-0.4572	1	-0	0	
element 4914	   711	   757	   710	   592	-4.2672	0.762	-0.1524	1	-0	0	
element 4915	   712	   758	   757	   711	-4.2672	0.4572	-0.1524	1	-0	0	
element 4916	   573	   657	   758	   712	-4.2672	0.1524	-0.1524	1	-0	0	
element 4917	   759	   711	   592	   713	-4.2672	0.762	0.1524	1	-0	0	
element 4918	   760	   712	   711	   759	-4.2672	0.4572	0.1524	1	-0	0	
element 4919	   654	   573	   712	   760	-4.2672	0.1524	0.1524	1	-0	0	
element 4920	   761	   759	   713	   714	-4.2672	0.762	0.4572	1	-0	0	
element 4921	   762	   760	   759	   761	-4.2672	0.4572	0.4572	1	-0	0	
element 4922	   655	   654	   760	   762	-4.2672	0.1524	0.4572	1	-0	0	
element 4923	   715	   761	   714	   593	-4.2672	0.762	0.762	1	-0	0	
element 4924	   716	   762	   761	   715	-4.2672	0.4572	0.762	1	-0	0	
element 4925	   578	   655	   762	   716	-4.2672	0.1524	0.762	1	-0	0	
element 4926	   763	   715	   593	   717	-4.2672	0.762	1.0668	1	-0	0	
element 4927	   764	   716	   715	   763	-4.2672	0.4572	1.0668	1	-0	0	
element 4928	   652	   578	   716	   764	-4.2672	0.1524	1.0668	1	-0	0	
element 4929	   765	   763	   717	   718	-4.2672	0.762	1.3716	1	-0	0	
element 4930	   766	   764	   763	   765	-4.2672	0.4572	1.3716	1	-0	0	
element 4931	   653	   652	   764	   766	-4.2672	0.1524	1.3716	1	-0	0	
element 4932	   719	   765	   718	   594	-4.2672	0.762	1.6764	1	-0	0	
element 4933	   720	   766	   765	   719	-4.2672	0.4572	1.6764	1	-0	0	
element 4934	   572	   653	   766	   720	-4.2672	0.1524	1.6764	1	-0	0	
element 4935	   721	   719	   594	   595	-4.2672	0.762	1.9812	1	-0	0	
element 4936	   722	   720	   719	   721	-4.2672	0.4572	1.9812	1	-0	0	
element 4937	   571	   572	   720	   722	-4.2672	0.1524	1.9812	1	-0	0	
element 5207	   704	   636	   587	   589	-4.2672	0.762	-2.286	1	-0	0	
element 5208	   703	   637	   636	   704	-4.2672	0.4572	-2.286	1	-0	0	
element 5209	   574	   582	   637	   703	-4.2672	0.1524	-2.286	1	-0	0	
element 5210	   635	   721	   595	   568	-4.2672	0.762	2.286	1	-0	0	
element 5211	   634	   722	   721	   635	-4.2672	0.4572	2.286	1	-0	0	
element 5212	   575	   571	   722	   634	-4.2672	0.1524	2.286	1	-0	0	
element 5213	   723	   660	   566	   603	-4.2672	1.6764	-2.286	1	-0	0	
element 5214	   724	   661	   660	   723	-4.2672	1.3716	-2.286	1	-0	0	
element 5215	   589	   587	   661	   724	-4.2672	1.0668	-2.286	1	-0	0	
element 5216	   725	   723	   603	   606	-4.2672	1.6764	-1.9812	1	-0	0	
element 5217	   726	   724	   723	   725	-4.2672	1.3716	-1.9812	1	-0	0	
element 5218	   590	   589	   724	   726	-4.2672	1.0668	-1.9812	1	-0	0	
element 5219	   767	   725	   606	   727	-4.2672	1.6764	-1.6764	1	-0	0	
element 5220	   768	   726	   725	   767	-4.2672	1.3716	-1.6764	1	-0	0	
element 5221	   705	   590	   726	   768	-4.2672	1.0668	-1.6764	1	-0	0	
element 5222	   769	   767	   727	   728	-4.2672	1.6764	-1.3716	1	-0	0	
element 5223	   770	   768	   767	   769	-4.2672	1.3716	-1.3716	1	-0	0	
element 5224	   706	   705	   768	   770	-4.2672	1.0668	-1.3716	1	-0	0	
element 5225	   729	   769	   728	   564	-4.2672	1.6764	-1.0668	1	-0	0	
element 5226	   730	   770	   769	   729	-4.2672	1.3716	-1.0668	1	-0	0	
element 5227	   591	   706	   770	   730	-4.2672	1.0668	-1.0668	1	-0	0	
element 5228	   771	   729	   564	   731	-4.2672	1.6764	-0.762	1	-0	0	
element 5229	   772	   730	   729	   771	-4.2672	1.3716	-0.762	1	-0	0	
element 5230	   709	   591	   730	   772	-4.2672	1.0668	-0.762	1	-0	0	
element 5231	   773	   771	   731	   732	-4.2672	1.6764	-0.4572	1	-0	0	
element 5232	   774	   772	   771	   773	-4.2672	1.3716	-0.4572	1	-0	0	
element 5233	   710	   709	   772	   774	-4.2672	1.0668	-0.4572	1	-0	0	
element 5234	   733	   773	   732	   646	-4.2672	1.6764	-0.1524	1	-0	0	
element 5235	   734	   774	   773	   733	-4.2672	1.3716	-0.1524	1	-0	0	
element 5236	   592	   710	   774	   734	-4.2672	1.0668	-0.1524	1	-0	0	
element 5237	   775	   733	   646	   666	-4.2672	1.6764	0.1524	1	-0	0	
element 5238	   776	   734	   733	   775	-4.2672	1.3716	0.1524	1	-0	0	
element 5239	   713	   592	   734	   776	-4.2672	1.0668	0.1524	1	-0	0	
element 5240	   777	   775	   666	   667	-4.2672	1.6764	0.4572	1	-0	0	
element 5241	   778	   776	   775	   777	-4.2672	1.3716	0.4572	1	-0	0	
element 5242	   714	   713	   776	   778	-4.2672	1.0668	0.4572	1	-0	0	
element 5243	   668	   777	   667	   644	-4.2672	1.6764	0.762	1	-0	0	
element 5244	   669	   778	   777	   668	-4.2672	1.3716	0.762	1	-0	0	
element 5245	   593	   714	   778	   669	-4.2672	1.0668	0.762	1	-0	0	
element 5246	   779	   668	   644	   670	-4.2672	1.6764	1.0668	1	-0	0	
element 5247	   780	   669	   668	   779	-4.2672	1.3716	1.0668	1	-0	0	
element 5248	   717	   593	   669	   780	-4.2672	1.0668	1.0668	1	-0	0	
element 5249	   781	   779	   670	   671	-4.2672	1.6764	1.3716	1	-0	0	
element 5250	   782	   780	   779	   781	-4.2672	1.3716	1.3716	1	-0	0	
element 5251	   718	   717	   780	   782	-4.2672	1.0668	1.3716	1	-0	0	
element 5252	   672	   781	   671	   605	-4.2672	1.6764	1.6764	1	-0	0	
element 5253	   673	   782	   781	   672	-4.2672	1.3716	1.6764	1	-0	0	
element 5254	   594	   718	   782	   673	-4.2672	1.0668	1.6764	1	-0	0	
element 5255	   674	   672	   605	   596	-4.2672	1.6764	1.9812	1	-0	0	
element 5256	   675	   673	   672	   674	-4.2672	1.3716	1.9812	1	-0	0	
element 5257	   595	   594	   673	   675	-4.2672	1.0668	1.9812	1	-0	0	
element 5258	   664	   674	   596	   609	-4.2672	1.6764	2.286	1	-0	0	
element 5259	   663	   675	   674	   664	-4.2672	1.3716	2.286	1	-0	0	
element 5260	   568	   595	   675	   663	-4.2672	1.0668	2.286	1	-0	0	
element 5261	   676	   662	   602	   598	-4.2672	2.286	-2.286	1	-0	0	
element 5262	   603	   566	   662	   676	-4.2672	1.9812	-2.286	1	-0	0	
element 5263	   677	   676	   598	   604	-4.2672	2.286	-1.9812	1	-0	0	
element 5264	   606	   603	   676	   677	-4.2672	1.9812	-1.9812	1	-0	0	
element 5265	   783	   677	   604	   678	-4.2672	2.286	-1.6764	1	-0	0	
element 5266	   727	   606	   677	   783	-4.2672	1.9812	-1.6764	1	-0	0	
element 5267	   784	   783	   678	   679	-4.2672	2.286	-1.3716	1	-0	0	
element 5268	   728	   727	   783	   784	-4.2672	1.9812	-1.3716	1	-0	0	
element 5269	   680	   784	   679	   600	-4.2672	2.286	-1.0668	1	-0	0	
element 5270	   564	   728	   784	   680	-4.2672	1.9812	-1.0668	1	-0	0	
element 5271	   785	   680	   600	   681	-4.2672	2.286	-0.762	1	-0	0	
element 5272	   731	   564	   680	   785	-4.2672	1.9812	-0.762	1	-0	0	
element 5273	   786	   785	   681	   682	-4.2672	2.286	-0.4572	1	-0	0	
element 5274	   732	   731	   785	   786	-4.2672	1.9812	-0.4572	1	-0	0	
element 5275	   683	   786	   682	   599	-4.2672	2.286	-0.1524	1	-0	0	
element 5276	   646	   732	   786	   683	-4.2672	1.9812	-0.1524	1	-0	0	
element 5277	   787	   683	   599	   684	-4.2672	2.286	0.1524	1	-0	0	
element 5278	   666	   646	   683	   787	-4.2672	1.9812	0.1524	1	-0	0	
element 5279	   788	   787	   684	   685	-4.2672	2.286	0.4572	1	-0	0	
element 5280	   667	   666	   787	   788	-4.2672	1.9812	0.4572	1	-0	0	
element 5281	   686	   788	   685	   565	-4.2672	2.286	0.762	1	-0	0	
element 5282	   644	   667	   788	   686	-4.2672	1.9812	0.762	1	-0	0	
element 5283	   789	   686	   565	   687	-4.2672	2.286	1.0668	1	-0	0	
element 5284	   670	   644	   686	   789	-4.2672	1.9812	1.0668	1	-0	0	
element 5285	   790	   789	   687	   688	-4.2672	2.286	1.3716	1	-0	0	
element 5286	   671	   670	   789	   790	-4.2672	1.9812	1.3716	1	-0	0	
element 5287	   689	   790	   688	   567	-4.2672	2.286	1.6764	1	-0	0	
element 5288	   605	   671	   790	   689	-4.2672	1.9812	1.6764	1	-0	0	
element 5289	   690	   689	   567	   597	-4.2672	2.286	1.9812	1	-0	0	
element 5290	   596	   605	   689	   690	-4.2672	1.9812	1.9812	1	-0	0	
element 5291	   665	   690	   597	   601	-4.2672	2.286	2.286	1	-0	0	
element 5292	   609	   596	   690	   665	-4.2672	1.9812	2.286	1	-0	0	
element 5346	   692	   581	   580	   631	-4.2672	-0.762	-2.286	1	0	0	
element 5347	   691	   692	   631	   630	-4.2672	-0.4572	-2.286	1	0	0	
element 5348	   574	   691	   630	   582	-4.2672	-0.1524	-2.286	1	0	0	
element 5457	   651	   691	   574	   577	-4.2672	-0.1524	-1.9812	1	-0	0	
element 5458	   650	   692	   691	   651	-4.2672	-0.4572	-1.9812	1	-0	0	
element 5459	   583	   581	   692	   650	-4.2672	-0.762	-1.9812	1	-0	0	
